0.118066560151737 9.940968091426171
0.250544461103761 9.874740875127562
0.266343523445025 9.866843982810066
0.267701223144214 9.866165374959801
0.364227432100233 9.817926547114125
0.587902730423322 9.706217936025906
0.960986955777494 9.520245736982430
0.961556970847482 9.519962045231015
1.000860728357881 9.500404704464804
1.032770548288262 9.484532210221154
1.052405787958917 9.474767901915895
1.140096475418067 9.431185893418872
1.211804656738673 9.395579499386754
1.326603308479931 9.338642182658964
1.372092872858838 9.316104167625584
1.609492197857205 9.198723848151953
1.650428288302427 9.178527110079436
1.983478525854413 9.014750770369687
2.243674066350676 8.887551653760779
2.399757688112908 8.811604551582079
2.675886493697211 8.677966630434476
2.712187843123091 8.660470664294659
2.931436474327976 8.555184059602878
2.946747483839168 8.547856833462074
3.021469788259063 8.512146944016258
3.105810188161926 8.471940456777880
3.192012172017577 8.430958862909554
3.349265184843142 8.356501138573078
3.383116849636715 8.340525246336922
3.475643948848144 8.296955741654402
3.732837355594463 8.176625033562416
3.778991574388239 8.155156629395702
3.805334570744676 8.142920903342359
3.884175135284732 8.106378581932161
4.494166801342144 7.827798942715038
4.705158511657374 7.733269291787986
4.912863221709276 7.641197685891131
4.969138868479559 7.616425296141172
5.160746571265110 7.532650846394978
5.240181210182952 7.498184400933055
5.297549458989779 7.473390541915391
5.391771467974865 7.432849753300077
5.399794750469221 7.429408064428106
5.557599429536308 7.362054880831838
6.372207307053774 7.025180511735615
6.531591676710581 6.961508281140699
6.764972249775520 6.869672450861158
7.108957128467378 6.737436080390413
7.126376006629696 6.730841214464319
7.276148538484949 6.674548050264395
7.416905578923514 6.622323143343881
8.224846025830857 6.335806901075340
8.257215984433468 6.324813816934448
8.363384720967298 6.289028999797971
8.421512337522200 6.269613678044273
8.433880218459363 6.265498897402750
8.462665218321018 6.255944288957878
8.570082938595235 6.220563634157859
8.573075505499260 6.219584183955069
8.682548511689683 6.183987722985028
8.875695030180010 6.122301651004677
8.986623595345087 6.087526407840688
9.063792713708580 6.063618186621115
9.203563658515032 6.020912684357906
9.236543638831240 6.010949049832368
9.334359714470903 5.981653272912495
9.412600973173520 5.958496753109889
9.423988054101452 5.955147188489774
9.602723652871944 5.903261275750984
9.630632305544520 5.895277269460176
9.905205910865734 5.818442458247453
10.177357780171718 5.745395889903291
10.244818570390416 5.727774463407958
10.428360291143809 5.680817937380040
10.458752696897012 5.673182469339691
10.901430990388945 5.566534567085571
11.123428678550605 5.516309951781585
11.313573515433353 5.475047582980327
11.712992478822736 5.393716378955068
11.971124385365508 5.345055642700011
12.023887351841299 5.335489986354133
12.304332763653356 5.286832346156135
12.411765578657175 5.269172568171269
12.688552974637817 5.226194617815652
12.740445904677710 5.218543124936899
12.901852825934975 5.195568033061695
12.908034981088642 5.194712899404095
12.995968652409363 5.182748654766553
13.055848508229747 5.174814541078846
13.121517645431465 5.166312265095295
13.568311147587139 5.114016797739797
13.656001800404358 5.104894816759723
14.293257852277561 5.049951391655184
14.298424659496703 5.049587794773450
14.317675484982363 5.048244717642253
15.151070940126486 5.007751223076050
15.188488970476239 5.006744821676992
15.630258264748834 5.000150950928513
15.907510898924210 5.000995448393359
16.104526569562889 5.003931046092539
16.120288806232161 5.004249706601326
16.132379789655470 5.004502558667294
16.230120568015774 5.006814657602193
16.411198284575658 5.012358392861229
16.578533416197956 5.018935345913629
16.742296845429593 5.026722312023798
16.883817043257611 5.034525994383152
16.910782375403258 5.036125758771762
16.933498182171704 5.037501423104328
17.077796575005763 5.046837773106981
17.297708860983764 5.063049321645364
17.381276160075220 5.069836222700809
17.574158868325188 5.086814754012390
17.989597646696630 5.129582762067619
18.155622586706912 5.149029634499062
18.219612098682290 5.156882161463082
18.257219487754334 5.161589727370645
18.959131588173719 5.261932927719647
19.209513462662343 5.303402271381464
19.349227392632159 5.327823844312802
19.383099298275361 5.333882088542636
19.452791560563639 5.346515385505662
19.492342561827918 5.353785468475209
19.686435792308995 5.390514107513325
20.319892351322572 5.522388646509390
20.368222947647745 5.533194860833273
20.475087167100163 5.557458617829059
20.495622526354595 5.562179415184842
20.517212995835756 5.567162948883628
20.527274585074927 5.569492434988405
20.584179452918082 5.582751550410981
20.859151636063206 5.648829075589950
21.520060237676713 5.821004524231085
21.966580912378898 5.947706987919320
22.120625891781636 5.993305455423755
22.224332989878558 6.024539704750551
22.428496701949530 6.087275415412554
22.480648530906095 6.103563262437503
22.574071130273413 6.133005290550334
22.884184015301965 6.233142152093188
22.979949813184174 6.264801958764114
23.292187194175476 6.370390220788870
23.342665865188511 6.387795426462018
23.471543522706114 6.432649283437364
23.498774610430065 6.442202714117736
23.769512064620553 6.538608498318244
23.783904103567103 6.543804949338446
23.884639891185540 6.580376854325838
23.975586099652588 6.613692842889158
24.150866528720339 6.678690345520671
24.330456311244976 6.746343997085062
24.725687729818372 6.898897061052138
24.829216680098135 6.939668001262945
25.181036892096571 7.080643943542483
26.032581790601210 7.436466282207093
26.153810387614133 7.488694620783148
26.343772289021921 7.571274327071125
26.346326608706484 7.572390772332884
26.758373745914309 7.754511209311678
26.800877246883417 7.773519504859667
26.843970818051083 7.792832752156556
26.846106910236102 7.793791153847467
26.860782520151101 7.800378387349946
26.903566437974913 7.819609184944849
26.924634805510191 7.829093821646667
26.992321086125283 7.859630083133452
27.145041754773590 7.928887172021284
27.151357615942526 7.931761856354312
27.243863930636813 7.973960337589643
27.456440930511235 8.071582331618131
27.616666220388538 8.145741117422302
27.814824664245201 8.238113225228238
27.987388996138726 8.319119397898174
28.050827140133926 8.349026014741540
28.328242357918896 8.480572358454099
28.446803032911070 8.537154708793874
28.450074934057749 8.538719155636205
28.591438663261645 8.606458810310251
28.668114921038701 8.643318426222985
28.755223723428735 8.685289808256078
28.782293902832581 8.698353421345981
28.828632324888382 8.720737650017847
28.922320066023772 8.766077841724808
28.923509605969141 8.766654224430088
29.022488323525018 8.814673980257561
29.170347462566312 8.886623044916217
29.386609565348987 8.992291343933251
29.445829182518384 9.021311057550051
29.538418142733292 9.066751330851469
29.655977724870329 9.124561314540880
29.694216075677851 9.143391507208614
29.705824787166176 9.149110622283752
29.923846044048762 9.256724861842029
29.970410032318039 9.279756147080109
29.993586943431353 9.291225666073739
30.188339790814570 9.387747079156508
30.489153402740989 9.537276492992358
30.536485669797607 9.560846159337318
30.566947257055720 9.576020106209434
30.621062023581047 9.602986114174467
30.909779008435319 9.747034278733373
31.051124528523950 9.817639450317108
31.062375279111425 9.823261197116480
31.110507857443057 9.847314401022079
31.121388126056800 9.852752087534002
31.289696917154306 9.936886866725020
31.352765496710770 9.968419690380500
31.356693787686186 9.970383799076483
31.368254279266718 9.976163961969350
31.403721457969663 9.993897462550963
31.581983027842718 10.083024430218614
31.891563582955044 10.237728863958701
31.949904242861667 10.266861993041037
31.989751934634171 10.286755269709467
32.085175569510909 10.334374778735606
32.335387737280676 10.459083107213996
32.360803663147351 10.471735894464972
32.520786282584965 10.551306626701630
32.549866585460606 10.565755770004724
32.585650443301496 10.583529132982207
32.652218410164316 10.616572498169424
32.677866474924933 10.629296610996066
32.760675322402079 10.670349745150563
32.784006705366181 10.681908282239700
33.090317999594895 10.833289293755712
33.186149390132471 10.880495891712135
33.258892212382655 10.916275294584699
33.605660689721262 11.086138334767334
33.689016830096811 11.126782968223264
33.696228404386389 11.130295708054305
33.744376336807470 11.153733293465434
33.832236374341555 11.196432730559330
34.001457198532925 11.278409905020020
34.030130117393142 11.292264559961801
34.081235349370068 11.316932013877260
34.086065910729616 11.319261858266938
34.385196660602027 11.462915394146650
34.409389681568818 11.474478270103839
34.503668739854547 11.519455282442872
34.506897881022851 11.520993415553482
34.512489039663983 11.523656270602260
34.583056371927711 11.557223572444119
34.636011406815442 11.582362259673967
34.643817024067403 11.586063988151230
34.857944829157809 11.687227153853421
34.872863228668265 11.694246954790220
35.086719575939910 11.794454243592654
35.193320818533437 11.844101052187552
35.221146042852247 11.857025680089681
35.244605209810793 11.867911137205336
35.316133172058414 11.901037635038428
35.321188766920073 11.903375354881572
35.321283007540977 11.903418927365980
35.373391776100647 11.927485603118681
35.403421118561155 11.941331064499016
35.425803272727912 11.951639299631571
35.466380280589028 11.970302318742419
35.592762029017720 12.028221177189101
35.622611643888419 12.041853858578808
35.706601916194835 12.080115226633206
35.896388200626340 12.166026906299471
35.946444447236381 12.188557404102047
36.253085767477501 12.325359923957079
36.294179091962640 12.343529641654872
36.401754825217495 12.390906864855982
36.505322317404094 12.436257476176156
36.550103121380090 12.455785663778727
36.624130572659496 12.487959662967548
36.656857758626536 12.502140278331762
36.785358570001470 12.557558763606114
36.809319607985685 12.567845987687850
36.829498549710749 12.576498005923915
36.960143415720971 12.632258522377635
37.045259323483819 12.668345722914278
37.397813493283017 12.815733070251174
37.522013921030670 12.866831526219196
37.705764759098614 12.941616771922114
37.870944453353715 13.007996722373969
37.879842380061788 13.011549354127487
37.908210560413202 13.022859846684652
37.949279966023482 13.039191235745243
38.120052741689477 13.106546775569489
38.262173087465740 13.161911463803611
38.362940518206784 13.200780343955381
38.482449354643833 13.246456706740201
38.663179371077874 13.314648962574088
38.686928727007356 13.323529958899812
38.772080560471764 13.355217765476263
38.814955928318916 13.371081160670490
38.822454662789966 13.373849247804358
38.842174485910945 13.381119576078069
38.862709530821938 13.388676486132020
38.919756511740651 13.409594725459389
38.941123650091761 13.417401195141171
38.954824266760845 13.422398499055817
39.029211757924493 13.449418987988295
39.055338314577099 13.458863974486514
39.060897511067218 13.460870630124081
39.147885136875544 13.492130108956967
39.208685420684908 13.513822270919977
39.328084426767127 13.556042373293060
39.462259992843229 13.602882311668660
39.673579418173134 13.675334293767687
39.748763426681620 13.700717354395312
39.786237101056678 13.713290908008858
39.826699967109590 13.726808870870283
39.940533377633443 13.764510695477810
39.946266775637412 13.766396744382648
39.998895477852699 13.783651471530639
40.119948874774501 13.822941231381403
40.217370212050547 13.854154274290128
40.312780181896258 13.884368368809813
40.352138523050598 13.896729368355349
40.465078242816055 13.931863771413758
40.620092413571911 13.979269641295399
40.636312820621235 13.984175040696689
40.700813641105881 14.003577627859080
40.739867605039755 14.015244603232006
40.745323142999709 14.016869518912813
40.754028440736967 14.019459889750969
40.813370482083592 14.037036605165538
40.834036280952134 14.043124333266206
40.863562747820900 14.051792269712511
40.903248039539314 14.063386822672342
40.947899504545298 14.076355787440617
41.117257501951556 14.124804727402671
41.218294970152719 14.153146371627436
41.284973214345072 14.171617994653277
41.363955051531548 14.193258009882474
41.385438566499232 14.199099022706218
41.443315383737328 14.214738262904802
41.506901873661739 14.231757567486905
41.552651197652537 14.243896850646635
41.593744532555384 14.254724980063425
41.597810057519986 14.255792346681242
41.632649145061791 14.264910172627173
41.660068350638248 14.272049725424687
41.677413422325365 14.276549542236296
41.697059072735584 14.281630656473023
41.901607325806616 14.333549270596546
41.931497944851941 14.340984809464617
41.983498289556735 14.353827859454839
42.014822057963507 14.361507410907855
42.045080201438893 14.368885072063893
42.107021048133177 14.383862912213386
42.155096031152098 14.395371963119313
42.306584344504181 14.430972324611503
42.313651850726522 14.432608453259499
42.354454767671271 14.442011018678341
42.377285155500857 14.447239764224109
42.412039721282959 14.455154941718305
42.465345039525779 14.467190363174764
42.473894272570803 14.469108829972004
42.486733503990394 14.471983845107729
42.603112097842178 14.497707003653774
42.610079221029125 14.499227655346630
42.620367042969605 14.501469092635759
42.698546851822982 14.518346512907847
42.716476656909485 14.522178297314007
42.767128388162654 14.532924509678027
42.837048612216165 14.547567574303628
42.975948500299687 14.575996528348110
42.995312847850023 14.579889877240827
43.068810723785077 14.594510766703657
43.110778474666311 14.602748116289220
43.153548690623012 14.611059563551834
43.222422963489400 14.624266411680852
43.263757963340751 14.632087232560952
43.290314355666929 14.637070106766753
43.339086662902190 14.646136228095621
43.339420178174578 14.646197843919488
43.450908141993899 14.666504831352164
43.474871402261265 14.670793973752286
43.475639210085639 14.670930959012782
43.560718883126881 14.685939335775053
43.713079410000880 14.711968010222261
43.726391522836778 14.714190325624966
43.795923147804025 14.725662025308043
43.804724888442657 14.727097904040658
43.808257175156697 14.727673116679521
43.928298537477374 14.746870049221542
43.942003305532701 14.749018253741006
43.959261406760014 14.751710749673816
43.961670340759959 14.752085450364183
43.996353412489981 14.757449695006857
44.055479733561064 14.766462472971302
44.122685928792336 14.776504526311410
44.210479872808257 14.789297770394185
44.232797148695859 14.792491014239168
44.365013423862578 14.810918915661613
44.543207510483889 14.834423976687489
44.565863825713691 14.837302662151853
44.583546227514269 14.839532116739917
44.678896733837369 14.851293248088545
44.738581072054814 14.858430708973764
44.953824700409484 14.882731719893396
44.954738421347152 14.882830064909570
44.964025882915251 14.883827373703024
45.137786158485355 14.901708547017062
45.172056953171392 14.905060692794777
45.198829194127761 14.907639300236841
45.252951739070291 14.912744739300823
45.323527649965719 14.919186042587272
45.448470687716423 14.929988270551899
45.462741033794984 14.931173106013826
45.496234247162008 14.933914526329882
45.609871580784457 14.942803103887137
45.773733892256075 14.954496163325810
45.792457616980087 14.955747638509521
45.867821239851736 14.960609124367609
45.970923711677919 14.966803528456845
46.006097603996551 14.968796025339365
46.147061013784047 14.976164100322000
46.173183342461471 14.977420944891938
46.195138731753524 14.978451032565950
46.241427248668622 14.980544126776913
46.389225090324267 14.986512761852772
46.428138465068983 14.987903132820684
46.617127626372479 14.993581176234006
46.702720638193504 14.995566068827438
46.766045784939237 14.996799033051266
46.790962889702662 14.997229247686061
46.873686186485187 14.998435035390433
46.979244480232275 14.999476952378458
47.058757096617775 14.999893943636160
47.164160407422351 14.999959457016983
47.454804923662984 14.997262629396660
47.464086835959769 14.997106928522015
47.475274103036845 14.996913544449612
47.496334821447583 14.996532518576657
47.500629727614808 14.996452095412963
47.571963707478609 14.994981584130127
47.577055634574180 14.994866896778678
47.599790054068251 14.994339042333335
47.626694371200166 14.993681020608310
47.660306540062038 14.992808151878627
47.730788746980551 14.990794667812835
47.762433405467533 14.989810014796289
47.787715202362307 14.988987440931739
47.837204716587550 14.987284938631930
47.878595175090425 14.985767252565671
47.954305784664655 14.982770137179237
47.987925005294144 14.981347687775267
48.119479490604292 14.975240490860505
48.155925168428730 14.973396200758870
48.289316694345146 14.966082919200327
48.298331153004106 14.965556805193593
48.336509200231717 14.963283878973737
48.397012567100830 14.959533663000888
48.473127996482788 14.954557907590971
48.580036143957471 14.947084545055356
48.618623529092993 14.944248195238428
48.759620832124739 14.933258611310961
48.796575626638365 14.930215987278050
48.813431073814691 14.928805855438732
48.836207130410216 14.926878159453025
48.882197715722029 14.922907757895926
48.982763600333875 14.913863166192098
49.124898423067656 14.900232673427716
49.209280592169542 14.891672071975950
49.314230815029227 14.880538909049038
49.471690336558780 14.862827654308846
49.509926231418042 14.858344727822063
49.543620752154283 14.854335372870047
49.544519505255948 14.854227674237665
49.586724035475790 14.849126118298432
49.707551398631388 14.834043583566839
49.738595677338864 14.830054369465142
49.789377078566368 14.823428587751959
49.817105683875639 14.819758141871763
49.937705862099399 14.803363533052631
49.973548739437334 14.798356206896241
50.058598700873539 14.786227984298247
50.095833773658207 14.780809202512600
50.107540207297184 14.779091878370387
50.312232524363459 14.748007360312528
50.443322784043929 14.727054227146782
50.461893772224776 14.724020112740936
50.517081222561970 14.714907521964472
50.697849552918953 14.684054902263806
50.767841683504841 14.671697387651518
50.852900783780150 14.656371709352920
50.864376467350759 14.654278240851603
50.897803497575403 14.648145346088485
51.161905800584400 14.597869646366107
51.202369235692331 14.589882641615880
51.258304313902769 14.578718000289708
51.362262694950267 14.557587634469815
51.367305650193138 14.556550069000139
51.407223485358884 14.548296285550091
51.436149372940143 14.542270005440869
51.751066383182270 14.474213454730478
51.792067383108801 14.465024826260956
51.801992040396641 14.462789347448311
51.818664799632181 14.459023998787499
51.978582814882877 14.422280297985003
52.030179092736816 14.410183469542991
52.039937687285622 14.407882339194209
52.056738930067418 14.403910680007339
52.212620273984292 14.366470530663722
52.216302757256770 14.365573193858493
52.218828747019032 14.364957325701894
52.286718145475554 14.348300829181191
52.378299703645709 14.325514137882751
52.501859556175738 14.294196267026052
52.501928890382267 14.294178508865865
52.544104183776760 14.283338178277814
52.582453371544972 14.273415132204679
52.631946204527843 14.260515738311609
52.704984048215351 14.241289219495552
52.737847902805328 14.232564254776932
52.867335683805791 14.197742790007160
52.956956951151540 14.173229606522732
53.017447458765140 14.156494668046596
53.046013355357161 14.148538892021328
53.056297449513053 14.145666418353381
53.225498648510190 14.097779208812369
53.276482014093332 14.083119298407039
53.376531076497763 14.054042755384037
53.755084082526587 13.940379085838966
53.767213946627038 13.936642748057956
53.780265793064956 13.932615944818973
53.831884093071977 13.916624906551339
53.852841715297245 13.910102551078548
53.912384052569308 13.891478387604650
53.977918029864909 13.870820646396421
54.011363523659270 13.860213770129658
54.162801766904849 13.811648128695179
54.375314613935821 13.742024650809993
54.409120194235044 13.730792648186034
54.455924220559865 13.715171522597938
54.456052232284712 13.715128686156845
54.493085562831453 13.702710722565232
54.611849759114506 13.662545172269581
54.612178080234735 13.662433416794354
54.656350806637406 13.647361750150226
54.741446841425827 13.618126761202907
54.747160618345468 13.616154366341314
54.804153626331967 13.596415876964377
54.830737891696259 13.587168908922489
54.905169153211894 13.561144381652888
54.920682359732247 13.555695371917494
54.976107730428666 13.536157415668928
54.999917111475810 13.527730998026637
55.006286714430203 13.525473328627726
55.109532792067903 13.488679499695120
55.186369521622893 13.461055596095896
55.227302204635144 13.446256184999097
55.475684723069207 13.355223075564702
55.761141976266060 13.248049097500298
55.776563890623486 13.242182845098512
55.804315924553357 13.231606996183505
55.852595803155616 13.213149054325477
55.888915698890536 13.199214160867156
55.904860524480995 13.193083251265850
56.048722127471933 13.137402191148723
56.185059510839849 13.084033904706448
56.210883948158830 13.073860236436463
56.241478561034562 13.061780809460341
56.250333925366348 13.058279163519835
56.492539976797836 12.961584016558902
56.495789060314813 12.960274958584368
56.507152373088907 12.955694215291462
56.574261667563654 12.928563695865096
56.680737883770298 12.885248021471551
56.735991366603216 12.862641082716952
56.824163265981909 12.826384867240781
56.851603206686988 12.815056621191504
56.945945527400816 12.775947356892075
56.975052693397792 12.763831051848680
57.026945263976693 12.742171952843295
57.084083405504984 12.718238046354573
57.135598603525281 12.696583371036406
57.136744603283041 12.696100828391934
57.171323547338901 12.681524153345872
57.172651998288792 12.680963507201330
57.190774245168669 12.673310654581234
57.205302706860813 12.667169081471551
57.206886314194087 12.666499307385831
57.216611435338677 12.662384679336160
57.275651307260567 12.637351435371288
57.381551717189218 12.592219299619737
57.485312100542814 12.547717197709101
57.708400873649829 12.451113401093078
57.868163852890135 12.381179071163013
57.881334545016713 12.375386396832038
57.913867418725850 12.361060296927256
57.950588993107374 12.344859656037151
57.973177971390328 12.334878241626654
57.989065963526720 12.327850658835922
58.002629389018544 12.321846629132576
58.019058501185690 12.314568345901442
58.032760477794831 12.308493435945413
58.100914659795251 12.278212421012370
58.185164255950248 12.240634080440749
58.279902735652165 12.198187482707789
58.295880958610724 12.191009057126671
58.378791406913052 12.153671046295939
58.489733625880682 12.103478033722357
58.511815919615749 12.093456364370155
58.514016247857455 12.092457223159919
58.522705628028419 12.088510496057980
58.525959127436202 12.087032346730192
58.810193830152855 11.957061877939529
59.020602768961204 11.859825051475369
59.094411740438971 11.825518234305578
59.143160204100745 11.802805030799444
59.182388362565625 11.784496455914118
59.233196302092708 11.760742588003273
59.305430270371865 11.726893467190870
59.423397361422730 11.671420694331294
59.440857839426265 11.663190141902946
59.572819632266196 11.600823550054956
59.816062020183935 11.485142071822459
59.939021366433629 11.426326271263637
60.033345774822720 11.381060942248229
60.082793011944780 11.357282367741732
60.216116964459125 11.293004773045800
60.500870650752844 11.154965393702120
60.807378654200427 11.005336946293360
60.818564296919206 10.999857717034311
60.882629491889624 10.968451819330507
60.984369990219854 10.918495653341884
61.075708356667803 10.873565955460595
61.131810308592492 10.845932818708159
61.362498672538635 10.732036435614106
61.414821126825622 10.706147209330883
61.721149149004034 10.554210803392209
61.747027605064687 10.541349465185601
61.963132441175418 10.433814186254521
62.040432551111259 10.395297303502110
62.334363021451857 10.248642432058769
62.340141484855458 10.245756733640071
62.438740496768339 10.196505665897686
62.452146959305459 10.189807438878503
62.456778965613417 10.187493084813473
62.501091135063042 10.165350814599321
62.529428408349645 10.151189282806767
62.586308289226416 10.122760054619114
62.825313169079735 10.003269951124967
62.918734580579944 9.956559792119297
62.980468291616738 9.925695125382365
62.991792486679699 9.920033701971827
63.216145527208056 9.807901062614725
63.256748016624655 9.787616445742493
63.291796614653023 9.770109303466494
63.301780401869067 9.765122804456146
63.303785530802031 9.764121351504398
63.409179011454121 9.711497358250462
63.440562110583024 9.695833398245199
63.675826879675974 9.578513880685083
63.789315954180175 9.521999673524205
63.790946275157530 9.521188252969507
64.064634666396415 9.385169283757008
64.198065524585715 9.319016862361226
64.332206472653596 9.252634621825109
64.342369440810131 9.247610611001267
64.367370996589770 9.235254539145350
64.583370155962982 9.128712365532266
64.703183196818799 9.069786356023783
64.767200241515823 9.038355925183165
64.779206701092292 9.032465467003512
64.808339479301367 9.018178524522479
64.906932843073420 8.969890101633549
64.977465087172860 8.935406439821675
64.998619345294202 8.925074234960906
65.117710270156209 8.866998705367454
65.146037558148890 8.853208052518289
65.283690217288452 8.786327254821584
65.299875471238323 8.778478249195835
65.377135614596213 8.741055552173259
65.479669399892657 8.691507413155444
65.549006691929833 8.658078702803939
65.586924280995405 8.639825160151407
65.620484856761948 8.623685391323436
65.669740358486038 8.600025826608954
66.017760347934981 8.433857412879393
66.067064308755363 8.410465105060238
66.476790100828524 8.217618477003803
66.491851295631221 8.210584631222630
66.515180878457016 8.199697320338602
66.520405308767820 8.197260555022110
66.541184451778847 8.187573677629679
66.611795662990417 8.154714680338088
66.834847360320083 8.051529414580948
67.131792306279479 7.915673604779006
67.441401740605585 7.775982423502185
67.681964216196278 7.668909039567225
67.798418864425258 7.617556316414207
67.964172634315176 7.545023177976981
67.964886235091825 7.544712353222126
68.076303462948388 7.496336467119868
68.104892014501118 7.483973562097471
68.131928852601604 7.472300601940841
68.471191916715469 7.327424585502292
68.494347848010150 7.317646538259364
68.609515806958782 7.269229288097875
68.700233150259805 7.231345909584489
68.703431984017456 7.230014223651245
69.392589297219914 6.949948368898420
69.454171884846858 6.925607538273931
69.720506489543340 6.821691639897471
69.829927276673786 6.779648088213748
69.986172911311471 6.720282281616479
70.046271390653260 6.697660181611812
70.480692436216771 6.537733661519619
70.598567887041384 6.495453805505420
70.631435669356179 6.483751275583707
70.692402489438095 6.462144794589862
71.125997102666133 6.312319802781392
71.648389264894348 6.141042849608587
71.696313246928980 6.125850372969875
72.089012658279742 6.004742764209460
72.202399146210169 5.970912786300707
72.278824697002250 5.948402441360347
72.334896044052826 5.932037641614182
72.456442470479928 5.897003292668720
72.472747424964879 5.892349576039950
72.805319885666307 5.799827848464195
72.817259117868034 5.796592128525389
73.569889620034289 5.604898094289022
73.697506396431393 5.574833978202957
73.791125347633468 5.553237100162558
73.827711117841361 5.544902969024392
74.042152352639690 5.497256568535495
74.288661023104964 5.445044546159728
74.571843847373472 5.388482610878826
74.700627101763402 5.363980504736594
75.213417234727999 5.274081983072872
75.517415499218544 5.226639486749888
75.934136200273215 5.168781015473025
76.189076927998755 5.137514390048508
76.435152320354803 5.110332088748629
76.488004845373922 5.104879538103606
76.699973439201869 5.084387100547821
76.919153138602610 5.065520131879778
77.932657479752635 5.009213216195453
78.003077302004911 5.007200490966182
78.377891821160503 5.000655474420912
78.426081446754921 5.000323387161051
78.667020177044449 5.000404514951065
78.763934778501763 5.001255674303986
79.024134632015418 5.005862959037655
79.208283578917658 5.011167052000387
79.431629674689418 5.019870100947828
79.656596889916685 5.031147577049611
79.718410564430570 5.034686928201048
79.756284975716227 5.036949300304099
80.050198890563607 5.056923049355341
80.167997435920867 5.066128061749610
80.280763139990640 5.075581205423780
80.368022758639128 5.083325992971549
80.528968212100509 5.098592399276900
80.540675523016006 5.099752475563474
80.575539844210525 5.103246953834833
80.733610132550069 5.119836503978219
80.737924200850387 5.120306380316777
80.871228069233666 5.135272621051215
80.946429629935906 5.144097185957794
81.224947538342178 5.179167857312236
81.366294865974197 5.198398394501506
81.515352923972159 5.219717134363985
81.631175862705561 5.237016002142668
82.072128537914608 5.308700836518004
82.099326789882426 5.313422546294126
82.224447871847019 5.335590040639202
82.322445408881180 5.353462212417023
82.919961875446830 5.472022203046223
83.079202655830443 5.506365232233359
83.293350120169606 5.554344736321791
83.402973111585126 5.579695980524771
84.181292768437473 5.774776704726826
84.206496099661294 5.781528173862202
84.301267536654493 5.807155017933426
84.470335664799990 5.853805821818120
84.516229558149149 5.866674361374287
84.682333954102276 5.913975395814390
84.738023561246692 5.930086948415134
84.862133909765916 5.966446654107638
85.223227758131173 6.075746426914863
85.387132745521541 6.127055985158943
85.421497307933279 6.137946026330467
85.847607311957873 6.276726900198950
86.267368657004354 6.420050333969757
86.445860224656684 6.482920711081865
86.561540262869002 6.524266561317580
87.346536386564580 6.816834698816342
87.588867771548237 6.911199125282613
87.648910681673840 6.934862529570069
87.746534187397387 6.973572265328094
87.895859683375960 7.033339644524781
87.967728735894795 7.062341788632334
88.223389353618117 7.166730967753538
88.253904167197007 7.179315570905332
88.479642632494674 7.273220318124290
88.822274964748715 7.418390637720544
88.907359089108354 7.454916435556802
88.987682200092735 7.489567490662902
89.044587182875901 7.514214213661320
89.059132457799919 7.520527021293317
89.544395482649207 7.734060113511695
89.565762043141973 7.743588514601516
89.646365806337585 7.779626067240859
89.657709397533864 7.784709365274415
89.765641543801223 7.833217658852228
89.800379947772115 7.848884218592815
89.813799009946507 7.854942998681988
89.845515494113371 7.869278499001331
89.859199405997941 7.875470102989890
90.090713046621119 7.980817489002450
90.109547048584304 7.989436031203366
90.284803942310603 8.069972430088013
90.329141616018134 8.090442007390463
90.483564275866939 8.162025469859529
90.581349564167795 8.207582092968945
90.600502444658105 8.216525327111937
90.604613236961939 8.218445671829009
90.678032351637526 8.252793595791854
90.703964775002660 8.264948256279121
90.821783997185747 8.320316445578142
90.890674989374361 8.352799728389801
91.294155565625331 8.544567099274360
91.319741939625729 8.556811049971042
91.331437116510656 8.562410741199031
91.669369530741577 8.725032370855006
91.686213500985744 8.733177753210128
91.686851797106016 8.733486490336356
91.702422227881456 8.741019339245071
91.724836766854210 8.751868667412417
91.908162629583231 8.840834517931048
92.366568575190215 9.064932609315674
92.367620688239683 9.065449389982543
92.412788640769335 9.087644826884352
92.565288936632967 9.162718010880246
92.566266850172184 9.163200067330189
92.636114173112247 9.197651292598980
92.690415351451676 9.224461728141291
93.019121293936550 9.387215330321004
93.092593476906572 9.423690697665288
93.269029963161458 9.511406131973937
93.369594960159660 9.561471844699376
93.457645609339124 9.605343947462018
93.492908029955473 9.622922566765052
93.512689015488789 9.632785624654989
93.610374970168905 9.681513443847413
93.800555050688430 9.776462255123340
93.900707094801973 9.826498581557479
93.967623253588499 9.859940146224115
94.037447448697549 9.894841674508839
94.054162270949362 9.903197380067269
94.438859263412198 10.095534014138341
94.493554742346674 10.122875195908890
94.551410752138878 10.151792246361488
94.571587314539414 10.161875561821532
94.838603163417474 10.295239940989431
94.910186823617067 10.330961450064166
95.004383964123207 10.377941349609245
95.290382450599012 10.520357492250945
95.341370056500935 10.545705985408572
95.581707134135655 10.664987571544062
95.582303194029791 10.665282952722213
95.809286799495339 10.777584603236795
95.941068827005154 10.842604533496415
96.001828927096312 10.872534352682358
96.398982757924813 11.067324858468808
96.411710099585406 11.073540985124461
96.477472687028225 11.105631984098194
96.698323279912728 11.213045340506431
96.827219255395264 11.275465390377811
96.847139118885408 11.285093275841698
96.856347108059765 11.289542060443964
97.029303864541347 11.372897782784110
97.255527388237255 11.481301458179976
97.307996112235884 11.506337582468175
97.398066516211742 11.549218751290393
97.426083809033443 11.562531899181943
97.429466996906299 11.564138681299765
97.444177704411160 11.571123174006006
97.626699963205510 11.657495296833241
97.658130340778683 11.672313667560841
97.674874880507161 11.680201421738829
97.894272385727334 11.783108272963556
97.939948275387408 11.804425923122370
97.972367093706580 11.819533475748445
97.974364072166978 11.820463467683886
97.979320935743885 11.822771562905157
98.010070287047213 11.837079546163631
98.118251789542370 11.887278535120622
98.124938944508031 11.890374358076997
98.203929852794246 11.926878907521965
98.232252690486234 11.939938748443844
98.426519305563843 12.029091391542705
98.564878214240778 12.092121985286251
98.603384269142012 12.109593025546502
98.689719404548114 12.148651090098607
98.695230795765880 12.151139039190767
98.700563183196977 12.153545560574035
98.714635508222472 12.159893498141830
98.816579588434251 12.205751325990338
98.835382346188567 12.214184531900612
99.071449613025578 12.319386987168023
99.095383594101051 12.329981883740729
99.201648031228345 12.376860124428047
99.235891173108271 12.391909458821061
99.362564753778031 12.447335391688977
99.383527490421557 12.456469989183798
99.421816597514720 12.473126729384120
99.605235344999187 12.552411456776042
99.646453492456260 12.570111225387622
99.856582778128256 12.659659225577061
99.968480786557407 12.706868627452272


0.500000000000000 8
1.500000000000000 10
2.500000000000000 6
3.500000000000000 10
4.500000000000000 4
5.500000000000000 6
6.500000000000000 3
7.500000000000000 4
8.500000000000000 11
9.500000000000000 9
10.500000000000000 5
11.500000000000000 4
12.500000000000000 8
13.500000000000000 4
14.500000000000000 3
15.500000000000000 4
16.500000000000000 10
17.500000000000000 5
18.500000000000000 4
19.500000000000000 6
20.500000000000000 8
21.500000000000000 2
22.500000000000000 7
23.500000000000000 8
24.500000000000000 4
25.500000000000000 1
26.500000000000000 12
27.500000000000000 7
28.500000000000000 11
29.500000000000000 11
30.500000000000000 6
31.500000000000000 13
32.500000000000000 10
33.500000000000000 8
34.500000000000000 14
35.500000000000000 16
36.500000000000000 11
37.500000000000000 8
38.500000000000000 14
39.500000000000000 14
40.500000000000000 16
41.500000000000000 17
42.500000000000000 21
43.500000000000000 22
44.500000000000000 13
45.500000000000000 13
46.500000000000000 13
47.500000000000000 19
48.500000000000000 15
49.500000000000000 14
50.500000000000000 12
51.500000000000000 12
52.500000000000000 17
53.500000000000000 13
54.500000000000000 18
55.500000000000000 11
56.500000000000000 15
57.500000000000000 20
58.500000000000000 14
59.500000000000000 11
60.500000000000000 8
61.500000000000000 7
62.500000000000000 13
63.500000000000000 10
64.500000000000000 13
65.500000000000000 10
66.500000000000000 9
67.500000000000000 6
68.500000000000000 8
69.500000000000000 5
70.500000000000000 5
71.500000000000000 3
72.500000000000000 8
73.500000000000000 4
74.500000000000000 4
75.500000000000000 3
76.500000000000000 5
77.500000000000000 1
78.500000000000000 5
79.500000000000000 6
80.500000000000000 11
81.500000000000000 4
82.500000000000000 5
83.500000000000000 3
84.500000000000000 8
85.500000000000000 4
86.500000000000000 3
87.500000000000000 6
88.500000000000000 6
89.500000000000000 11
90.500000000000000 12
91.500000000000000 9
92.500000000000000 7
93.500000000000000 11
94.500000000000000 8
95.500000000000000 7
96.500000000000000 8
97.500000000000000 15
98.500000000000000 14
99.500000000000000 11


