0.118066560151737
0.250544461103761
0.266343523445025
0.267701223144214
0.364227432100233
0.587902730423322
0.960986955777494
0.961556970847482
1.000860728357881
1.032770548288262
1.052405787958917
1.140096475418067
1.211804656738673
1.326603308479931
1.372092872858838
1.609492197857205
1.650428288302427
1.983478525854413
2.243674066350676
2.399757688112908
2.675886493697211
2.712187843123091
2.931436474327976
2.946747483839168
3.021469788259063
3.105810188161926
3.192012172017577
3.349265184843142
3.383116849636715
3.475643948848144
3.732837355594463
3.778991574388239
3.805334570744676
3.884175135284732
4.494166801342144
4.705158511657374
4.912863221709276
4.969138868479559
5.160746571265110
5.240181210182952
5.297549458989779
5.391771467974865
5.399794750469221
5.557599429536308
6.372207307053774
6.531591676710581
6.764972249775520
7.108957128467378
7.126376006629696
7.276148538484949
7.416905578923514
8.224846025830857
8.257215984433468
8.363384720967298
8.421512337522200
8.433880218459363
8.462665218321018
8.570082938595235
8.573075505499260
8.682548511689683
8.875695030180010
8.986623595345087
9.063792713708580
9.203563658515032
9.236543638831240
9.334359714470903
9.412600973173520
9.423988054101452
9.602723652871944
9.630632305544520
9.905205910865734
10.177357780171718
10.244818570390416
10.428360291143809
10.458752696897012
10.901430990388945
11.123428678550605
11.313573515433353
11.712992478822736
11.971124385365508
12.023887351841299
12.304332763653356
12.411765578657175
12.688552974637817
12.740445904677710
12.901852825934975
12.908034981088642
12.995968652409363
13.055848508229747
13.121517645431465
13.568311147587139
13.656001800404358
14.293257852277561
14.298424659496703
14.317675484982363
15.151070940126486
15.188488970476239
15.630258264748834
15.907510898924210
16.104526569562889
16.120288806232161
16.132379789655470
16.230120568015774
16.411198284575658
16.578533416197956
16.742296845429593
16.883817043257611
16.910782375403258
16.933498182171704
17.077796575005763
17.297708860983764
17.381276160075220
17.574158868325188
17.989597646696630
18.155622586706912
18.219612098682290
18.257219487754334
18.959131588173719
19.209513462662343
19.349227392632159
19.383099298275361
19.452791560563639
19.492342561827918
19.686435792308995
20.319892351322572
20.368222947647745
20.475087167100163
20.495622526354595
20.517212995835756
20.527274585074927
20.584179452918082
20.859151636063206
21.520060237676713
21.966580912378898
22.120625891781636
22.224332989878558
22.428496701949530
22.480648530906095
22.574071130273413
22.884184015301965
22.979949813184174
23.292187194175476
23.342665865188511
23.471543522706114
23.498774610430065
23.769512064620553
23.783904103567103
23.884639891185540
23.975586099652588
24.150866528720339
24.330456311244976
24.725687729818372
24.829216680098135
25.181036892096571
26.032581790601210
26.153810387614133
26.343772289021921
26.346326608706484
26.758373745914309
26.800877246883417
26.843970818051083
26.846106910236102
26.860782520151101
26.903566437974913
26.924634805510191
26.992321086125283
27.145041754773590
27.151357615942526
27.243863930636813
27.456440930511235
27.616666220388538
27.814824664245201
27.987388996138726
28.050827140133926
28.328242357918896
28.446803032911070
28.450074934057749
28.591438663261645
28.668114921038701
28.755223723428735
28.782293902832581
28.828632324888382
28.922320066023772
28.923509605969141
29.022488323525018
29.170347462566312
29.386609565348987
29.445829182518384
29.538418142733292
29.655977724870329
29.694216075677851
29.705824787166176
29.923846044048762
29.970410032318039
29.993586943431353
30.188339790814570
30.489153402740989
30.536485669797607
30.566947257055720
30.621062023581047
30.909779008435319
31.051124528523950
31.062375279111425
31.110507857443057
31.121388126056800
31.289696917154306
31.352765496710770
31.356693787686186
31.368254279266718
31.403721457969663
31.581983027842718
31.891563582955044
31.949904242861667
31.989751934634171
32.085175569510909
32.335387737280676
32.360803663147351
32.520786282584965
32.549866585460606
32.585650443301496
32.652218410164316
32.677866474924933
32.760675322402079
32.784006705366181
33.090317999594895
33.186149390132471
33.258892212382655
33.605660689721262
33.689016830096811
33.696228404386389
33.744376336807470
33.832236374341555
34.001457198532925
34.030130117393142
34.081235349370068
34.086065910729616
34.385196660602027
34.409389681568818
34.503668739854547
34.506897881022851
34.512489039663983
34.583056371927711
34.636011406815442
34.643817024067403
34.857944829157809
34.872863228668265
35.086719575939910
35.193320818533437
35.221146042852247
35.244605209810793
35.316133172058414
35.321188766920073
35.321283007540977
35.373391776100647
35.403421118561155
35.425803272727912
35.466380280589028
35.592762029017720
35.622611643888419
35.706601916194835
35.896388200626340
35.946444447236381
36.253085767477501
36.294179091962640
36.401754825217495
36.505322317404094
36.550103121380090
36.624130572659496
36.656857758626536
36.785358570001470
36.809319607985685
36.829498549710749
36.960143415720971
37.045259323483819
37.397813493283017
37.522013921030670
37.705764759098614
37.870944453353715
37.879842380061788
37.908210560413202
37.949279966023482
38.120052741689477
38.262173087465740
38.362940518206784
38.482449354643833
38.663179371077874
38.686928727007356
38.772080560471764
38.814955928318916
38.822454662789966
38.842174485910945
38.862709530821938
38.919756511740651
38.941123650091761
38.954824266760845
39.029211757924493
39.055338314577099
39.060897511067218
39.147885136875544
39.208685420684908
39.328084426767127
39.462259992843229
39.673579418173134
39.748763426681620
39.786237101056678
39.826699967109590
39.940533377633443
39.946266775637412
39.998895477852699
40.119948874774501
40.217370212050547
40.312780181896258
40.352138523050598
40.465078242816055
40.620092413571911
40.636312820621235
40.700813641105881
40.739867605039755
40.745323142999709
40.754028440736967
40.813370482083592
40.834036280952134
40.863562747820900
40.903248039539314
40.947899504545298
41.117257501951556
41.218294970152719
41.284973214345072
41.363955051531548
41.385438566499232
41.443315383737328
41.506901873661739
41.552651197652537
41.593744532555384
41.597810057519986
41.632649145061791
41.660068350638248
41.677413422325365
41.697059072735584
41.901607325806616
41.931497944851941
41.983498289556735
42.014822057963507
42.045080201438893
42.107021048133177
42.155096031152098
42.306584344504181
42.313651850726522
42.354454767671271
42.377285155500857
42.412039721282959
42.465345039525779
42.473894272570803
42.486733503990394
42.603112097842178
42.610079221029125
42.620367042969605
42.698546851822982
42.716476656909485
42.767128388162654
42.837048612216165
42.975948500299687
42.995312847850023
43.068810723785077
43.110778474666311
43.153548690623012
43.222422963489400
43.263757963340751
43.290314355666929
43.339086662902190
43.339420178174578
43.450908141993899
43.474871402261265
43.475639210085639
43.560718883126881
43.713079410000880
43.726391522836778
43.795923147804025
43.804724888442657
43.808257175156697
43.928298537477374
43.942003305532701
43.959261406760014
43.961670340759959
43.996353412489981
44.055479733561064
44.122685928792336
44.210479872808257
44.232797148695859
44.365013423862578
44.543207510483889
44.565863825713691
44.583546227514269
44.678896733837369
44.738581072054814
44.953824700409484
44.954738421347152
44.964025882915251
45.137786158485355
45.172056953171392
45.198829194127761
45.252951739070291
45.323527649965719
45.448470687716423
45.462741033794984
45.496234247162008
45.609871580784457
45.773733892256075
45.792457616980087
45.867821239851736
45.970923711677919
46.006097603996551
46.147061013784047
46.173183342461471
46.195138731753524
46.241427248668622
46.389225090324267
46.428138465068983
46.617127626372479
46.702720638193504
46.766045784939237
46.790962889702662
46.873686186485187
46.979244480232275
47.058757096617775
47.164160407422351
47.454804923662984
47.464086835959769
47.475274103036845
47.496334821447583
47.500629727614808
47.571963707478609
47.577055634574180
47.599790054068251
47.626694371200166
47.660306540062038
47.730788746980551
47.762433405467533
47.787715202362307
47.837204716587550
47.878595175090425
47.954305784664655
47.987925005294144
48.119479490604292
48.155925168428730
48.289316694345146
48.298331153004106
48.336509200231717
48.397012567100830
48.473127996482788
48.580036143957471
48.618623529092993
48.759620832124739
48.796575626638365
48.813431073814691
48.836207130410216
48.882197715722029
48.982763600333875
49.124898423067656
49.209280592169542
49.314230815029227
49.471690336558780
49.509926231418042
49.543620752154283
49.544519505255948
49.586724035475790
49.707551398631388
49.738595677338864
49.789377078566368
49.817105683875639
49.937705862099399
49.973548739437334
50.058598700873539
50.095833773658207
50.107540207297184
50.312232524363459
50.443322784043929
50.461893772224776
50.517081222561970
50.697849552918953
50.767841683504841
50.852900783780150
50.864376467350759
50.897803497575403
51.161905800584400
51.202369235692331
51.258304313902769
51.362262694950267
51.367305650193138
51.407223485358884
51.436149372940143
51.751066383182270
51.792067383108801
51.801992040396641
51.818664799632181
51.978582814882877
52.030179092736816
52.039937687285622
52.056738930067418
52.212620273984292
52.216302757256770
52.218828747019032
52.286718145475554
52.378299703645709
52.501859556175738
52.501928890382267
52.544104183776760
52.582453371544972
52.631946204527843
52.704984048215351
52.737847902805328
52.867335683805791
52.956956951151540
53.017447458765140
53.046013355357161
53.056297449513053
53.225498648510190
53.276482014093332
53.376531076497763
53.755084082526587
53.767213946627038
53.780265793064956
53.831884093071977
53.852841715297245
53.912384052569308
53.977918029864909
54.011363523659270
54.162801766904849
54.375314613935821
54.409120194235044
54.455924220559865
54.456052232284712
54.493085562831453
54.611849759114506
54.612178080234735
54.656350806637406
54.741446841425827
54.747160618345468
54.804153626331967
54.830737891696259
54.905169153211894
54.920682359732247
54.976107730428666
54.999917111475810
55.006286714430203
55.109532792067903
55.186369521622893
55.227302204635144
55.475684723069207
55.761141976266060
55.776563890623486
55.804315924553357
55.852595803155616
55.888915698890536
55.904860524480995
56.048722127471933
56.185059510839849
56.210883948158830
56.241478561034562
56.250333925366348
56.492539976797836
56.495789060314813
56.507152373088907
56.574261667563654
56.680737883770298
56.735991366603216
56.824163265981909
56.851603206686988
56.945945527400816
56.975052693397792
57.026945263976693
57.084083405504984
57.135598603525281
57.136744603283041
57.171323547338901
57.172651998288792
57.190774245168669
57.205302706860813
57.206886314194087
57.216611435338677
57.275651307260567
57.381551717189218
57.485312100542814
57.708400873649829
57.868163852890135
57.881334545016713
57.913867418725850
57.950588993107374
57.973177971390328
57.989065963526720
58.002629389018544
58.019058501185690
58.032760477794831
58.100914659795251
58.185164255950248
58.279902735652165
58.295880958610724
58.378791406913052
58.489733625880682
58.511815919615749
58.514016247857455
58.522705628028419
58.525959127436202
58.810193830152855
59.020602768961204
59.094411740438971
59.143160204100745
59.182388362565625
59.233196302092708
59.305430270371865
59.423397361422730
59.440857839426265
59.572819632266196
59.816062020183935
59.939021366433629
60.033345774822720
60.082793011944780
60.216116964459125
60.500870650752844
60.807378654200427
60.818564296919206
60.882629491889624
60.984369990219854
61.075708356667803
61.131810308592492
61.362498672538635
61.414821126825622
61.721149149004034
61.747027605064687
61.963132441175418
62.040432551111259
62.334363021451857
62.340141484855458
62.438740496768339
62.452146959305459
62.456778965613417
62.501091135063042
62.529428408349645
62.586308289226416
62.825313169079735
62.918734580579944
62.980468291616738
62.991792486679699
63.216145527208056
63.256748016624655
63.291796614653023
63.301780401869067
63.303785530802031
63.409179011454121
63.440562110583024
63.675826879675974
63.789315954180175
63.790946275157530
64.064634666396415
64.198065524585715
64.332206472653596
64.342369440810131
64.367370996589770
64.583370155962982
64.703183196818799
64.767200241515823
64.779206701092292
64.808339479301367
64.906932843073420
64.977465087172860
64.998619345294202
65.117710270156209
65.146037558148890
65.283690217288452
65.299875471238323
65.377135614596213
65.479669399892657
65.549006691929833
65.586924280995405
65.620484856761948
65.669740358486038
66.017760347934981
66.067064308755363
66.476790100828524
66.491851295631221
66.515180878457016
66.520405308767820
66.541184451778847
66.611795662990417
66.834847360320083
67.131792306279479
67.441401740605585
67.681964216196278
67.798418864425258
67.964172634315176
67.964886235091825
68.076303462948388
68.104892014501118
68.131928852601604
68.471191916715469
68.494347848010150
68.609515806958782
68.700233150259805
68.703431984017456
69.392589297219914
69.454171884846858
69.720506489543340
69.829927276673786
69.986172911311471
70.046271390653260
70.480692436216771
70.598567887041384
70.631435669356179
70.692402489438095
71.125997102666133
71.648389264894348
71.696313246928980
72.089012658279742
72.202399146210169
72.278824697002250
72.334896044052826
72.456442470479928
72.472747424964879
72.805319885666307
72.817259117868034
73.569889620034289
73.697506396431393
73.791125347633468
73.827711117841361
74.042152352639690
74.288661023104964
74.571843847373472
74.700627101763402
75.213417234727999
75.517415499218544
75.934136200273215
76.189076927998755
76.435152320354803
76.488004845373922
76.699973439201869
76.919153138602610
77.932657479752635
78.003077302004911
78.377891821160503
78.426081446754921
78.667020177044449
78.763934778501763
79.024134632015418
79.208283578917658
79.431629674689418
79.656596889916685
79.718410564430570
79.756284975716227
80.050198890563607
80.167997435920867
80.280763139990640
80.368022758639128
80.528968212100509
80.540675523016006
80.575539844210525
80.733610132550069
80.737924200850387
80.871228069233666
80.946429629935906
81.224947538342178
81.366294865974197
81.515352923972159
81.631175862705561
82.072128537914608
82.099326789882426
82.224447871847019
82.322445408881180
82.919961875446830
83.079202655830443
83.293350120169606
83.402973111585126
84.181292768437473
84.206496099661294
84.301267536654493
84.470335664799990
84.516229558149149
84.682333954102276
84.738023561246692
84.862133909765916
85.223227758131173
85.387132745521541
85.421497307933279
85.847607311957873
86.267368657004354
86.445860224656684
86.561540262869002
87.346536386564580
87.588867771548237
87.648910681673840
87.746534187397387
87.895859683375960
87.967728735894795
88.223389353618117
88.253904167197007
88.479642632494674
88.822274964748715
88.907359089108354
88.987682200092735
89.044587182875901
89.059132457799919
89.544395482649207
89.565762043141973
89.646365806337585
89.657709397533864
89.765641543801223
89.800379947772115
89.813799009946507
89.845515494113371
89.859199405997941
90.090713046621119
90.109547048584304
90.284803942310603
90.329141616018134
90.483564275866939
90.581349564167795
90.600502444658105
90.604613236961939
90.678032351637526
90.703964775002660
90.821783997185747
90.890674989374361
91.294155565625331
91.319741939625729
91.331437116510656
91.669369530741577
91.686213500985744
91.686851797106016
91.702422227881456
91.724836766854210
91.908162629583231
92.366568575190215
92.367620688239683
92.412788640769335
92.565288936632967
92.566266850172184
92.636114173112247
92.690415351451676
93.019121293936550
93.092593476906572
93.269029963161458
93.369594960159660
93.457645609339124
93.492908029955473
93.512689015488789
93.610374970168905
93.800555050688430
93.900707094801973
93.967623253588499
94.037447448697549
94.054162270949362
94.438859263412198
94.493554742346674
94.551410752138878
94.571587314539414
94.838603163417474
94.910186823617067
95.004383964123207
95.290382450599012
95.341370056500935
95.581707134135655
95.582303194029791
95.809286799495339
95.941068827005154
96.001828927096312
96.398982757924813
96.411710099585406
96.477472687028225
96.698323279912728
96.827219255395264
96.847139118885408
96.856347108059765
97.029303864541347
97.255527388237255
97.307996112235884
97.398066516211742
97.426083809033443
97.429466996906299
97.444177704411160
97.626699963205510
97.658130340778683
97.674874880507161
97.894272385727334
97.939948275387408
97.972367093706580
97.974364072166978
97.979320935743885
98.010070287047213
98.118251789542370
98.124938944508031
98.203929852794246
98.232252690486234
98.426519305563843
98.564878214240778
98.603384269142012
98.689719404548114
98.695230795765880
98.700563183196977
98.714635508222472
98.816579588434251
98.835382346188567
99.071449613025578
99.095383594101051
99.201648031228345
99.235891173108271
99.362564753778031
99.383527490421557
99.421816597514720
99.605235344999187
99.646453492456260
99.856582778128256
99.968480786557407


