0.000000 7.114945
1.000000 7.083450
2.000000 7.051956
3.000000 7.020461
4.000000 6.988967
5.000000 6.957472
6.000000 6.925978
7.000000 6.894483
8.000000 6.862989
9.000000 6.831494
10.000000 6.800000
11.000000 6.768506
12.000000 6.737011
13.000000 6.705517
14.000000 6.674022
15.000000 6.642528
16.000000 6.611033
17.000000 6.579539
18.000000 6.548044
19.000000 6.516550
20.000000 6.485055
21.000000 6.453561
22.000000 6.422066
23.000000 6.390572
24.000000 6.359078
25.000000 6.327583


25.000000 6.327583
26.000000 6.717098
27.000000 7.106612
28.000000 7.496126
29.000000 7.885641
30.000000 8.275155
31.000000 8.664670
32.000000 9.054184
33.000000 9.443698
34.000000 9.833213
35.000000 10.222727
36.000000 10.612242
37.000000 11.001756
38.000000 11.391270
39.000000 11.780785
40.000000 12.170299
41.000000 12.559813
42.000000 12.949328
43.000000 13.338842
44.000000 13.728357
45.000000 14.117871
46.000000 14.507385
47.000000 14.896900
48.000000 15.286414
49.000000 15.675929
50.000000 16.065443
51.000000 16.454957
52.000000 16.844472
52.500000 17.039229


52.500000 17.039229
53.500000 16.515306
54.500000 15.991383
55.500000 15.467460
56.500000 14.943537
57.500000 14.419615
58.500000 13.895692
59.500000 13.371769
60.500000 12.847846
61.500000 12.323923
62.500000 11.800000
63.500000 11.276077
64.500000 10.752154
65.500000 10.228231
66.500000 9.704308
67.500000 9.180385
68.500000 8.656463
69.500000 8.132540
70.500000 7.608617
71.500000 7.084694
72.500000 6.560771
73.500000 6.036848
74.500000 5.512925
75.500000 4.989002
76.500000 4.465079
77.500000 3.941156


77.500000 3.941156
78.500000 4.364670
79.500000 4.788184
80.500000 5.211697
81.500000 5.635211
82.500000 6.058724
83.500000 6.482238
84.500000 6.905752
85.500000 7.329265
86.500000 7.752779
87.500000 8.176292
88.500000 8.599806
89.500000 9.023320
90.500000 9.446833
91.500000 9.870347
92.500000 10.293861
93.500000 10.717374
94.500000 11.140888
95.500000 11.564401
96.500000 11.987915
97.500000 12.411429


97.500000 12.411429
98.500000 11.191124
99.500000 9.970819
100.000000 9.360667


