0.000000 8.812193
1.000000 8.575974
2.000000 8.339754
3.000000 8.103535
4.000000 7.867316
5.000000 7.631097
6.000000 7.394877
7.000000 7.158658
8.000000 6.922439
9.000000 6.686219
10.000000 6.450000
11.000000 6.213781
12.000000 5.977561
13.000000 5.741342
14.000000 5.505123
15.000000 5.268903
16.000000 5.032684
17.000000 4.796465
18.000000 4.560246
19.000000 4.324026
20.000000 4.087807


20.000000 6.066667
21.000000 6.370000
22.000000 6.673333
23.000000 6.976667
24.000000 7.280000
25.000000 7.583333
26.000000 7.886667
27.000000 8.190000
28.000000 8.493333
29.000000 8.796667
30.000000 9.100000
31.000000 9.403333
32.000000 9.706667
33.000000 10.010000
34.000000 10.313333
35.000000 10.616667
36.000000 10.920000
37.000000 11.223333
38.000000 11.526667
39.000000 11.830000
40.000000 12.133333
41.000000 12.436667
42.000000 12.740000
43.000000 13.043333
44.000000 13.346667
45.000000 13.650000
46.000000 13.953333
47.000000 14.256667
47.500000 14.408333


47.500000 13.615795
48.500000 13.459215
49.500000 13.302636
50.500000 13.146056
51.500000 12.989477
52.500000 12.832897
53.500000 12.676318
54.500000 12.519738
55.500000 12.363159
56.500000 12.206579
57.500000 12.050000
58.500000 11.893421
59.500000 11.736841
60.500000 11.580262
61.500000 11.423682
62.500000 11.267103
63.500000 11.110523
64.500000 10.953944
65.500000 10.797364
66.500000 10.640785
67.500000 10.484205


67.500000 7.424649
68.500000 7.207184
69.500000 6.989719
70.500000 6.772254
71.500000 6.554789
72.500000 6.337324
73.500000 6.119859
74.500000 5.902395
75.500000 5.684930
76.500000 5.467465
77.500000 5.250000
78.500000 5.032535
79.500000 4.815070
80.500000 4.597605
81.500000 4.380141
82.500000 4.162676
83.500000 3.945211
84.500000 3.727746
85.500000 3.510281
86.500000 3.292816
87.500000 3.075351
88.500000 2.857886
89.500000 2.640422
90.500000 2.422957
91.500000 2.205492
92.500000 1.988027
93.500000 1.770562
94.500000 1.553097
95.000000 1.444365


95.000000 10.328205
96.000000 10.436923
97.000000 10.545641
98.000000 10.654359
99.000000 10.763077
100.000000 10.871795


